layout_spectrum: 0.5827067
typography_spectrum: 1
color:
  saturation: 0.9709688
  lightness: 0.5295771
  brandStrength: 0.6048838
  rhythmicContrast: 0.05725302
name: Bravo-Chavez
